ID:1
450
595
252
130
-2
Level1
ID:2
702
603
591
165
766
Level2
ID:3
94
632
709
93
1765
Level3
ID:4
743
342
530
384
1352
Level3
ID:5
66
632
788
156
643
Level3
ID:6
472
632
311
342
0
Level1
ID:7
84
632
744
116
1000
Level3
ID:8
436
341
724
200
1769
Level3
ID:9
449
31
490
96
1641
Level3
ID:10
715
31
352
216
1641
Level3
ID:11
717
49
96
356
1586
Level3
ID:12
752
36
291
407
2000
Level3
ID:13
40
632
88
183
1000
Level2
ID:14
734
511
561
529
856
Level2
ID:15
734
511
372
499
736
Level2
ID:16
543
265
90
11
230
Level2
ID:17
443
647
575
434
1102
Level3
ID:18
86
632
807
545
981
Level3
ID:19
50
633
436
474
1807
Level3
ID:20
628
590
399
176
981
Level3
ID:21
764
89
671
154
296
Level3
ID:22
730
75
790
326
292
Level3
ID:23
728
71
756
270
55
Level3
ID:24
774
320
142
38
173
Level3
ID:25
716
48
100
252
-62
Level3
ID:26
769
92
615
67
1742
Level3
ID:27
451
473
204
13
479
Level3
ID:28
40
632
619
346
0
Level1
ID:29
40
632
480
66
0
Level3
ID:30
66
641
669
265
1791
Level3
ID:31
548
466
481
432
1786
Level3
ID:32
654
551
552
556
-10
Level3
ID:33
451
473
661
223
479
Level3
ID:34
66
641
361
283
1791
Level3
ID:35
37
633
46
350
730
Level3
ID:36
50
632
442
198
721
Level2
ID:37
40
632
125
586
-10
Level1
ID:38
715
32
554
466
1380
Level3
ID:39
655
32
347
559
1250
Level3
ID:40
787
85
656
77
1717
Level3
ID:41
718
17
141
417
1635
Level3
ID:42
746
86
103
354
-1589
Level3
ID:43
742
83
787
556
54
Level3
ID:44
717
27
94
338
976
Level3
ID:45
742
83
301
374
-99
Level3
ID:46
718
55
216
112
1702
Level3
ID:47
718
57
764
284
1771
Level3
